Silhouette: 0.11362027575179431
Purity: 0.7671957671957672
Silhouette: 0.11403554201377074
Purity: 0.7632275132275133
Silhouette: 0.1136202757517943
Purity: 0.7671957671957672
